ARMA_MAT_TXT_FN008
10 10
  -3.625980656685e-01  -2.175093536885e-01  -9.327446302409e-02   4.718755180124e-02   1.895926165867e-02   6.954069231537e-01   1.483784282380e-01   4.335132436722e-01   3.410763131414e-01  -7.235272593983e-03
   5.516276285919e-01  -3.811398187545e-02  -2.350272802972e-01  -9.951600702986e-02   5.754728870908e-01  -8.917457607592e-02  -9.252179252247e-02   4.710199338067e-01   9.828694448954e-02  -2.234088029459e-01
   4.722540008483e-01  -2.688973993524e-01   4.657592410682e-01   1.190057915849e-01  -2.893286494227e-01   3.801616613648e-01  -3.082603623791e-01  -1.178087882679e-01  -4.147995936822e-02  -3.670400433852e-01
   2.596084151137e-01   1.849439480549e-01   1.950131340980e-01   3.183615495496e-01   5.223452102165e-02  -7.216942553443e-02   5.908919628568e-01  -2.340280851259e-01   5.867050748388e-01  -5.415566241149e-02
  -1.874591229474e-01   4.220740672869e-01   3.721653615311e-01  -2.392496502152e-01   5.209197122271e-01   2.443514638864e-01  -3.663960367007e-01  -2.851787167500e-01   2.007994116209e-01   6.329899763327e-02
   2.588927036530e-01   4.637190334697e-01  -2.032657381578e-01   5.652313729473e-01  -8.907897653913e-02   2.752680931246e-01  -2.143305980852e-01   1.109859853210e-01  -1.576895290461e-01   4.362415521047e-01
  -2.791198412603e-01   6.694633546108e-02   7.917167849574e-02   4.687744590788e-01   3.640062723395e-01   6.510332466555e-02   2.316931128709e-01  -4.765711942115e-02  -5.009957498917e-01  -4.978995923325e-01
   2.682294495347e-01   3.133898457743e-01  -2.939405356701e-02  -5.177335553387e-01  -8.373684500656e-02   3.874055194555e-01   4.981748555091e-01  -4.868446001908e-02  -3.910519087162e-01   1.904909245611e-02
   7.798361167246e-02  -4.118443159393e-01   5.026667148534e-01   7.536298644143e-02   3.004867553983e-01  -4.053782967651e-02   2.075833439730e-01   1.402529264644e-01  -2.427254862103e-01   5.935793243152e-01
  -1.253256150164e-01   4.233607469134e-01   4.913962261126e-01  -4.636202122236e-02  -2.700645547376e-01  -2.593854958167e-01   1.055491663789e-02   6.352962960786e-01   6.542448450204e-03  -1.321672700421e-01
