ARMA_MAT_TXT_FN008
100 10
   1.327990812217e-01   1.214262290774e-01   1.126998747351e-01   1.048063495084e-01   1.023023709996e-01   9.627671053505e-02   9.005064672077e-02   8.788132146636e-02   8.091552601440e-02   7.084188972121e-02
   1.288756966989e-01   1.230137538935e-01   1.129233142678e-01   1.069273357143e-01   9.864455892945e-02   9.761235356751e-02   9.519034769635e-02   8.331890287710e-02   7.907173785075e-02   7.442199850440e-02
   1.257828043218e-01   1.195619614165e-01   1.129975814700e-01   1.073114188220e-01   1.030082536981e-01   9.645144272365e-02   9.301755655343e-02   8.515252703725e-02   8.121310468936e-02   7.550334926785e-02
   1.278782750170e-01   1.170884571690e-01   1.119829450011e-01   1.091166919596e-01   1.038041111977e-01   9.557417058844e-02   9.414444979860e-02   8.509555134655e-02   7.958760701178e-02   7.572774091025e-02
   1.408730530926e-01   1.203618640268e-01   1.089623017559e-01   1.046391640357e-01   1.041285854600e-01   9.348025317783e-02   9.283113305119e-02   8.544253320024e-02   7.790178323369e-02   7.137932896614e-02
   1.330649097283e-01   1.227495395852e-01   1.073219803412e-01   1.063652983843e-01   1.017250961909e-01   9.331691019773e-02   9.129403796768e-02   8.484949619421e-02   8.356031660494e-02   7.575241480556e-02
   1.395435068838e-01   1.154878128224e-01   1.097700940385e-01   1.073773967856e-01   9.975396636406e-02   9.680819402600e-02   8.903669386354e-02   8.592244755422e-02   7.967166651561e-02   7.662822114630e-02
   1.302387477966e-01   1.210944767755e-01   1.206523460254e-01   1.102634146255e-01   9.935885606358e-02   9.321350283165e-02   8.900865158740e-02   8.519891025239e-02   7.726124673515e-02   7.370984730692e-02
   1.309770087260e-01   1.207206959094e-01   1.187991750051e-01   1.096633007498e-01   1.062699504547e-01   9.596893302815e-02   9.233932292183e-02   8.174984587614e-02   7.404736961771e-02   6.946439771122e-02
   1.274981944842e-01   1.245003757728e-01   1.106045566029e-01   1.027918835657e-01   1.026582364840e-01   9.914990421010e-02   9.335498195041e-02   8.539006885981e-02   8.186544318206e-02   7.218635488792e-02
   1.239814285436e-01   1.216945859317e-01   1.126964460847e-01   1.077707801590e-01   1.035365043935e-01   9.636683653079e-02   9.398438267069e-02   8.741185582074e-02   8.009252166738e-02   7.246465819792e-02
   1.252596240760e-01   1.221787336338e-01   1.122536498113e-01   1.094032215867e-01   1.012241903552e-01   9.554686865070e-02   8.914756729969e-02   8.557356910954e-02   8.355492465176e-02   7.585765082525e-02
   1.247161712993e-01   1.217116357188e-01   1.141922898287e-01   1.055314328523e-01   1.033238374109e-01   9.646622761196e-02   9.092512313886e-02   8.721858919655e-02   8.032037711603e-02   7.559431582660e-02
   1.376308404626e-01   1.243413358779e-01   1.191573454546e-01   1.055241181170e-01   1.012512876331e-01   9.789920141857e-02   8.733210035295e-02   8.133225381959e-02   7.683062061466e-02   6.870089624913e-02
   1.310580533559e-01   1.183964633345e-01   1.154548561004e-01   1.112315504635e-01   1.059644963131e-01   9.620703379768e-02   9.050806711996e-02   8.127254003611e-02   7.740199379147e-02   7.250494568728e-02
   1.285838433196e-01   1.243295512304e-01   1.162235169504e-01   1.118368047571e-01   1.056853492409e-01   9.455522775792e-02   9.005068206592e-02   8.359519055224e-02   7.553929860580e-02   6.960053551961e-02
   1.373761853469e-01   1.196998660211e-01   1.139770416407e-01   1.055484770549e-01   1.000351102773e-01   9.529036244205e-02   9.240215124368e-02   8.508707859416e-02   7.781069727011e-02   7.277303010911e-02
   1.308677906533e-01   1.261485133914e-01   1.251226192744e-01   1.067573119495e-01   1.007446143933e-01   9.174177323088e-02   8.905727768823e-02   8.170659205165e-02   7.528459214611e-02   7.256891522130e-02
   1.351477819905e-01   1.227511741767e-01   1.157502033690e-01   1.041829170617e-01   9.979698440021e-02   9.729572818673e-02   8.854590818215e-02   8.514775914651e-02   8.099540670322e-02   7.038613678324e-02
   1.343671647675e-01   1.292163754163e-01   1.146886648327e-01   1.072856204935e-01   1.020517811971e-01   9.037602685908e-02   8.978693944057e-02   8.580558743419e-02   7.787330928152e-02   6.854853027755e-02
   1.289326558829e-01   1.181059013863e-01   1.105832077396e-01   1.069911096773e-01   1.046804564495e-01   9.571475700532e-02   9.048244574162e-02   8.738630946280e-02   8.390394392949e-02   7.321921272520e-02
   1.315998056611e-01   1.227196098360e-01   1.155331478368e-01   1.074164823147e-01   1.026195492603e-01   9.269557291671e-02   8.701865318237e-02   8.401835893910e-02   7.999819092625e-02   7.638062912662e-02
   1.315253465171e-01   1.187174479166e-01   1.152777180746e-01   1.044889681765e-01   1.031315934676e-01   9.945421148845e-02   9.449027235402e-02   8.567247845539e-02   7.821009989445e-02   6.903186365528e-02
   1.345147304618e-01   1.181356276642e-01   1.134384027597e-01   1.089380758419e-01   1.049121423804e-01   9.272539265570e-02   8.833380434706e-02   8.431010079800e-02   7.926134377055e-02   7.543037932055e-02
   1.235692724203e-01   1.214150131630e-01   1.141380466552e-01   1.067180791255e-01   1.039292812489e-01   9.538297020055e-02   9.304634581716e-02   8.388339478408e-02   8.057210134399e-02   7.734549524124e-02
   1.361050018789e-01   1.223545038508e-01   1.167085196977e-01   1.093276993948e-01   1.010829263768e-01   9.424878043532e-02   9.102332958955e-02   8.815078732167e-02   7.758283893815e-02   6.341561251632e-02
   1.315154161604e-01   1.240358923938e-01   1.101069347865e-01   1.089120697812e-01   1.030607559232e-01   9.308370603437e-02   9.127714199566e-02   8.426431935611e-02   8.257119461254e-02   7.117256895625e-02
   1.337237005416e-01   1.196316059159e-01   1.127316845384e-01   1.119800770266e-01   1.007291480158e-01   9.891715302727e-02   9.686338059031e-02   8.456661625634e-02   7.460009827457e-02   6.625653581319e-02
   1.308862096067e-01   1.213872641747e-01   1.152443713646e-01   1.106209537271e-01   1.039930758505e-01   9.715794381142e-02   8.668946256619e-02   8.519348818318e-02   7.837506732564e-02   7.045216339002e-02
   1.331171461278e-01   1.135194626101e-01   1.119333265855e-01   1.106526929780e-01   1.024463824059e-01   9.869130619101e-02   9.282302326582e-02   8.463524955690e-02   8.236194874960e-02   6.981946152931e-02
   1.332541401436e-01   1.261029680900e-01   1.200893229954e-01   1.081676645723e-01   1.006918605807e-01   9.621195684728e-02   8.579277092113e-02   8.137104946097e-02   7.966818570947e-02   6.865008067907e-02
   1.355057854089e-01   1.216036027633e-01   1.138572450074e-01   1.104581406039e-01   1.025649720744e-01   9.593682098188e-02   8.992078586608e-02   8.186342421005e-02   7.976000755127e-02   6.852921553282e-02
   1.213406012055e-01   1.206612297182e-01   1.156724456320e-01   1.110852940305e-01   1.038871276539e-01   9.687388692764e-02   9.263882316071e-02   8.591818169373e-02   7.991567338034e-02   7.200673659753e-02
   1.317656494965e-01   1.194877698044e-01   1.134616673718e-01   1.064379605936e-01   1.042088502221e-01   9.539641035133e-02   8.956940909951e-02   8.302428932273e-02   7.985681444957e-02   7.679117928851e-02
   1.302574985101e-01   1.169097499434e-01   1.131254267419e-01   1.046112349939e-01   1.000655317240e-01   9.795586815505e-02   9.368203392415e-02   8.773466446716e-02   8.039007400802e-02   7.526791753230e-02
   1.357984237876e-01   1.169014122211e-01   1.118964969223e-01   1.053707800819e-01   1.043375113642e-01   9.721553188713e-02   8.683328592348e-02   8.528857159061e-02   8.150090332720e-02   7.485708289461e-02
   1.308876824383e-01   1.266491107833e-01   1.110225714267e-01   1.059589097455e-01   9.873639477300e-02   9.360585185058e-02   8.642103179089e-02   8.520208566956e-02   8.224304344380e-02   7.927331807837e-02
   1.266410009942e-01   1.215567716244e-01   1.125273919265e-01   1.070530526474e-01   1.038406464947e-01   9.800680130779e-02   9.565330758618e-02   8.632754253292e-02   7.786395288061e-02   7.052953200525e-02
   1.325374001082e-01   1.284362341587e-01   1.200762231569e-01   1.129089595645e-01   1.056317745907e-01   9.813557827600e-02   9.170382071362e-02   7.800198597337e-02   6.977782612730e-02   6.279019733068e-02
   1.302773244721e-01   1.215340059461e-01   1.190273265171e-01   1.142207067240e-01   1.027319258259e-01   9.121678774466e-02   8.527626483988e-02   8.254596512451e-02   7.829164901058e-02   7.487804379520e-02
   1.284835104381e-01   1.185248957321e-01   1.071841216251e-01   1.052569073009e-01   1.037872671261e-01   9.538342930790e-02   9.059700271237e-02   8.955936728734e-02   8.298347338670e-02   7.824002508345e-02
   1.324156273763e-01   1.218021570603e-01   1.152583781636e-01   1.088956721084e-01   1.000377825418e-01   9.789333093095e-02   8.778524655125e-02   8.283914942640e-02   8.096536101442e-02   7.210729482670e-02
   1.348107528474e-01   1.293762726133e-01   1.069608718087e-01   1.038442878016e-01   1.015431511805e-01   9.687469583756e-02   8.945648558543e-02   8.609079022880e-02   8.323906860037e-02   6.780362349637e-02
   1.291488647135e-01   1.156213554790e-01   1.132714901546e-01   1.087269836710e-01   1.046379982562e-01   9.316843864144e-02   9.050325952533e-02   8.646298018799e-02   8.127636235279e-02   7.718226701819e-02
   1.293915366881e-01   1.208755849676e-01   1.167829370724e-01   1.034892861484e-01   1.006292091248e-01   9.743587106341e-02   9.403119913622e-02   8.323217900558e-02   8.160535128435e-02   7.252684550913e-02
   1.295333025430e-01   1.245645104080e-01   1.164060185707e-01   1.088716898395e-01   1.010181246134e-01   9.901858320603e-02   9.256194011208e-02   8.066587859343e-02   7.580668209020e-02   7.155327002359e-02
   1.338590543989e-01   1.145122979933e-01   1.098461557199e-01   1.064706244806e-01   1.052742147783e-01   9.581590767260e-02   8.977140413884e-02   8.673961916416e-02   8.212188939422e-02   7.558883225923e-02
   1.324830442392e-01   1.226885230096e-01   1.129016047414e-01   1.116284529873e-01   1.050169066782e-01   9.834496445809e-02   8.666373527322e-02   8.349281089708e-02   7.568323806049e-02   7.109671965533e-02
   1.220062700734e-01   1.205762802553e-01   1.115517894164e-01   1.067199596752e-01   1.041297950489e-01   9.979722390035e-02   9.441516464929e-02   8.886945579558e-02   8.157807679770e-02   7.035598438792e-02
   1.444129509843e-01   1.185366102337e-01   1.126187243850e-01   1.084392424852e-01   1.030652895826e-01   9.437188824741e-02   8.514248696175e-02   8.365136652863e-02   7.790361872864e-02   7.185782186271e-02
   1.252281465460e-01   1.140609678245e-01   1.136871164208e-01   1.084194171763e-01   1.016052360732e-01   9.726831864536e-02   9.602248631750e-02   8.478382715673e-02   8.373491282009e-02   7.518957101958e-02
   1.285411862356e-01   1.208450113384e-01   1.155477125919e-01   1.100664190876e-01   1.021094135835e-01   9.966004935222e-02   8.981392684226e-02   8.605823436684e-02   7.922901779179e-02   6.812902880993e-02
   1.301833704034e-01   1.224255041201e-01   1.182632400814e-01   1.104498026420e-01   1.019105182984e-01   9.498354203547e-02   8.784144199126e-02   8.469355965316e-02   8.045770873194e-02   6.879131204283e-02
   1.341270924329e-01   1.188159920569e-01   1.142919573125e-01   1.078548407438e-01   1.036271304158e-01   9.473254159115e-02   8.793995030678e-02   8.510872618222e-02   7.982813011393e-02   7.367363884405e-02
   1.242805454036e-01   1.177616149672e-01   1.158574118746e-01   1.072243456570e-01   9.981043081155e-02   9.722941708417e-02   9.152556934294e-02   8.486978529904e-02   8.400273658300e-02   7.743814297686e-02
   1.345754566123e-01   1.281782205003e-01   1.202109982368e-01   1.071223477559e-01   1.024674277769e-01   9.761269136606e-02   8.183757979489e-02   8.028515980406e-02   7.573083796355e-02   7.197928018924e-02
   1.277738185390e-01   1.219267464765e-01   1.150503129712e-01   1.120763959704e-01   1.006804255424e-01   9.517809189491e-02   8.885173103581e-02   8.688103540880e-02   7.657476190933e-02   7.500668025157e-02
   1.279523746393e-01   1.235092601455e-01   1.132382214747e-01   1.079585764516e-01   1.070498848025e-01   9.194996950789e-02   8.893646287451e-02   8.304786570832e-02   8.010246483115e-02   7.625491956455e-02
   1.374737517186e-01   1.299447929115e-01   1.185503212140e-01   1.057938302029e-01   9.922756999870e-02   9.262617447843e-02   8.659109849528e-02   8.378175880865e-02   7.460098052525e-02   7.140972164672e-02
   1.289422826297e-01   1.153846567357e-01   1.129105070235e-01   1.108924434079e-01   1.040504979325e-01   9.877247958089e-02   9.543156115418e-02   8.362324492141e-02   7.921801828778e-02   7.077430832632e-02
   1.320261775928e-01   1.246619307543e-01   1.199814170708e-01   1.093247245744e-01   1.025799669529e-01   9.958254529963e-02   8.698094089710e-02   7.860997833153e-02   7.632044276100e-02   6.993187576552e-02
   1.257858035104e-01   1.227449345486e-01   1.186959334745e-01   1.117823306604e-01   1.083356307821e-01   9.842259503250e-02   8.921439034857e-02   7.893644426408e-02   7.649568215507e-02   6.958625522383e-02
   1.497491322446e-01   1.227143639885e-01   1.107915990021e-01   1.080108690762e-01   1.009187932785e-01   9.464428721221e-02   8.581736396780e-02   8.192152476736e-02   7.849643244364e-02   6.693563401913e-02
   1.354584420644e-01   1.289834885010e-01   1.203683271954e-01   1.110907982276e-01   1.047703280867e-01   9.126711808117e-02   8.630817115855e-02   8.005377260104e-02   7.402067780543e-02   6.767887627869e-02
   1.341461802038e-01   1.204791787715e-01   1.187784166762e-01   1.090244674650e-01   1.019048216640e-01   9.927874320435e-02   8.771400510232e-02   7.940666363110e-02   7.789713755706e-02   7.137038572471e-02
   1.407938044257e-01   1.225289281273e-01   1.111557463443e-01   1.052830684115e-01   9.836636775641e-02   9.802262020728e-02   9.340489750429e-02   8.362427435259e-02   7.598897732460e-02   7.083131554614e-02
   1.341514157667e-01   1.245428654467e-01   1.152360985372e-01   1.090043267264e-01   1.007335076913e-01   9.896045045959e-02   8.872321565842e-02   8.047467476144e-02   7.864031666717e-02   6.953312828509e-02
   1.295410038594e-01   1.144396399104e-01   1.109418298750e-01   1.043483184145e-01   1.000094235044e-01   9.750494042215e-02   9.618268367107e-02   9.192671339988e-02   8.189904528065e-02   7.320640166253e-02
   1.344433662210e-01   1.233281010392e-01   1.186181913071e-01   1.088607574250e-01   1.047281004998e-01   9.302057601208e-02   9.114282492502e-02   8.071282711028e-02   8.048391572158e-02   6.466133973887e-02
   1.289000936929e-01   1.163270670818e-01   1.109268297516e-01   1.049581036271e-01   1.025483135260e-01   9.803282106576e-02   9.145435889609e-02   8.833783450210e-02   7.997793904714e-02   7.853663880944e-02
   1.285531201539e-01   1.223724332946e-01   1.156715585620e-01   1.091577278980e-01   1.014620878305e-01   9.553509043221e-02   9.174193708826e-02   8.304728464938e-02   7.990097865132e-02   7.255778143974e-02
   1.312630854337e-01   1.135835893165e-01   1.108522289950e-01   1.038105784305e-01   1.014172933375e-01   9.644760994089e-02   9.575048529062e-02   8.904976967829e-02   8.169045192708e-02   7.613490764988e-02
   1.307559795141e-01   1.262386475170e-01   1.211178923771e-01   1.067721445813e-01   1.027409379704e-01   9.263187801462e-02   9.101246161732e-02   8.464694234451e-02   7.685739190823e-02   6.722572415543e-02
   1.349289077233e-01   1.281148492185e-01   1.200896397863e-01   1.015112206535e-01   1.008562546742e-01   9.416981941060e-02   8.830843266205e-02   8.241378920876e-02   7.719603769853e-02   7.241104896426e-02
   1.289471802426e-01   1.288248390186e-01   1.117953436243e-01   1.073526599749e-01   1.047891883321e-01   9.198270938396e-02   8.772785631169e-02   8.282487684123e-02   7.922354696419e-02   7.653179930647e-02
   1.295720684037e-01   1.171836227403e-01   1.142350037222e-01   1.096135773049e-01   1.064281871857e-01   1.002566565406e-01   8.625179538626e-02   8.235534587330e-02   7.831162494067e-02   7.579211790239e-02
   1.248459939119e-01   1.201314649811e-01   1.162754370629e-01   1.118842880669e-01   9.726492448909e-02   9.482418337920e-02   9.083575609217e-02   8.941327084750e-02   7.975535632128e-02   7.476932484788e-02
   1.339229598375e-01   1.254597128286e-01   1.216192499921e-01   1.076982783204e-01   1.050334272429e-01   9.459713998214e-02   8.902513405910e-02   8.349080865078e-02   7.195158902731e-02   6.720170005911e-02
   1.285363797211e-01   1.245801515403e-01   1.159475245420e-01   1.097749879121e-01   1.001569619847e-01   9.615359463646e-02   8.918213033896e-02   8.532698447782e-02   8.125093052175e-02   6.909035432485e-02
   1.271411084053e-01   1.220875094292e-01   1.165991115135e-01   1.081245992732e-01   1.031495533142e-01   9.818627070499e-02   9.323509142420e-02   8.106507806527e-02   7.669904036924e-02   7.371263750086e-02
   1.251009322451e-01   1.165890495848e-01   1.104948781799e-01   1.073750405096e-01   1.042302923571e-01   1.010996569377e-01   9.240696105198e-02   8.808361505313e-02   7.841211885284e-02   7.620745522774e-02
   1.326917821669e-01   1.267176896286e-01   1.159630344218e-01   1.043561620045e-01   9.638338654207e-02   9.536683346137e-02   9.142605373693e-02   8.522589518871e-02   7.817904879820e-02   7.369011405094e-02
   1.285491986771e-01   1.193997865924e-01   1.140499267536e-01   1.076478598460e-01   9.947363357980e-02   9.363370223197e-02   9.050649639305e-02   8.549322403458e-02   8.090042387365e-02   8.034574801780e-02
   1.331415495472e-01   1.185392376215e-01   1.130267118839e-01   1.048008067325e-01   1.042970219817e-01   1.025227404344e-01   9.034781197513e-02   8.236706147487e-02   7.829062757842e-02   7.266643077023e-02
   1.384085144245e-01   1.246380039757e-01   1.085212270386e-01   1.018226465113e-01   9.782407437155e-02   9.521298988998e-02   9.431411903210e-02   8.840746501188e-02   8.217983427253e-02   6.867112547189e-02
   1.268612682601e-01   1.187182573875e-01   1.134943027080e-01   1.074123519357e-01   1.030860003389e-01   9.416212491852e-02   8.992180714295e-02   8.810229916374e-02   8.324794863738e-02   7.499363950726e-02
   1.289661913759e-01   1.244768808915e-01   1.178380973068e-01   1.102806011347e-01   9.719431458540e-02   9.282209053626e-02   8.688966609144e-02   8.510342888562e-02   8.323460877379e-02   7.319412041853e-02
   1.251789994306e-01   1.224429697847e-01   1.182425170488e-01   1.161035174582e-01   1.056523619214e-01   9.180416026648e-02   9.013644873091e-02   8.237105095989e-02   7.921066525226e-02   6.885730914673e-02
   1.313307296719e-01   1.220053028026e-01   1.096566108802e-01   1.047103327796e-01   1.015206702650e-01   9.594891579453e-02   9.191759845132e-02   8.765445311867e-02   8.222114017118e-02   7.303424606502e-02
   1.369726945798e-01   1.203595870491e-01   1.172920169191e-01   1.103884061865e-01   1.033545595369e-01   9.439211755920e-02   8.603301475751e-02   8.039550330319e-02   7.769867799829e-02   7.311342211032e-02
   1.298465964868e-01   1.174257144082e-01   1.111268681098e-01   1.048609774585e-01   1.005165585234e-01   9.916534719141e-02   9.582542180285e-02   8.750392032244e-02   8.159594699674e-02   7.213264869985e-02
   1.327071121499e-01   1.206783804240e-01   1.156642759221e-01   1.069929706832e-01   9.839454687647e-02   9.404305033753e-02   8.802564422143e-02   8.671257167840e-02   8.232412573311e-02   7.445732197381e-02
   1.313133333811e-01   1.299424565469e-01   1.197162012725e-01   1.072207149516e-01   9.847703332862e-02   9.380386488093e-02   9.112515470782e-02   8.617644245048e-02   7.617837746291e-02   6.604642101726e-02
   1.350928797689e-01   1.238192021513e-01   1.072177703584e-01   1.058874910966e-01   1.007621018306e-01   1.001879569662e-01   9.327338766365e-02   8.149338963436e-02   7.827478487978e-02   7.399103565021e-02
   1.259853357386e-01   1.221386575675e-01   1.158669527480e-01   1.083101751183e-01   1.003876606036e-01   9.743648124211e-02   8.861392443933e-02   8.766533674347e-02   8.268326754743e-02   7.091220825158e-02
   1.294028127508e-01   1.255971920064e-01   1.173538480042e-01   1.076281619286e-01   1.030063936681e-01   9.590958003029e-02   9.071889488600e-02   8.628894184629e-02   7.440569286287e-02   6.968848201640e-02
   1.347826686104e-01   1.162779352929e-01   1.137368634506e-01   1.055269483929e-01   1.021360893820e-01   9.838658188484e-02   9.354198394936e-02   8.013877485794e-02   7.919004295124e-02   7.628211122786e-02
   1.273988415831e-01   1.242030978915e-01   1.148647339387e-01   1.067866247587e-01   1.035880781697e-01   9.859987361832e-02   8.811989555497e-02   8.450306009109e-02   7.967087699096e-02   7.226491740295e-02
   1.305605358871e-01   1.248430139279e-01   1.079302917565e-01   1.067144825568e-01   1.041492707718e-01   9.666034249259e-02   9.515981201389e-02   8.708977789573e-02   7.801441913754e-02   6.887805356023e-02
   1.315091002867e-01   1.214497655164e-01   1.131660686483e-01   1.110576233686e-01   1.007575704001e-01   9.868880334250e-02   8.525280071003e-02   8.280397399054e-02   7.980916238670e-02   7.550513135004e-02
